 -4.769546684429243E-002
 -4.530853350342932E-002
 -4.067646242835800E-002
 -3.624314620610922E-002
 -3.201923129243842E-002
 -2.801359337941757E-002
 -2.423631343117435E-002
 -2.069392094610862E-002
 -1.740020691398533E-002
 -1.436294813300271E-002
 -1.158549256915345E-002
 -9.083899090407313E-003
 -6.869652524551469E-003
 -4.948076765099521E-003
 -3.330183806166995E-003
 -2.024318437587283E-003
 -1.038511395574752E-003
 -3.832656783769525E-004
 -6.711079492367072E-005
  6.711079492367766E-005
  3.400114609633659E-004
  9.027756168163495E-004
  1.741002806801874E-003
  2.840796969526271E-003
  4.187331855381213E-003
  5.767490302122195E-003
  7.563447277957151E-003
  9.560409522946206E-003
  1.174837086273579E-002
  1.411153544381806E-002
  1.663138066239063E-002
  1.929472627019263E-002
  2.209500761450123E-002
  2.501576472726867E-002
  2.804123494518614E-002
  3.116638579166747E-002
  3.436310762069776E-002
  3.598913279923101E-002
