 -4.916464492765577E-002
 -4.811619512561163E-002
 -4.599305651236549E-002
 -4.373818760849207E-002
 -4.136011092727855E-002
 -3.891514705887862E-002
 -3.638181954766687E-002
 -3.373562268964366E-002
 -3.101275196634191E-002
 -2.821965274929837E-002
 -2.533101553318337E-002
 -2.239214424410279E-002
 -1.940935569732633E-002
 -1.637144878890129E-002
 -1.333935689200075E-002
 -1.027183513027693E-002
 -7.174995285731837E-003
 -4.120689469874157E-003
 -1.036776092854151E-003
  1.036776092854151E-003
  3.273405929740618E-003
  8.029606824354392E-003
  1.540659084967409E-002
  2.567116375034201E-002
  3.938845983053883E-002
  5.788283050910843E-002
  8.125614826791761E-002
  0.105547504937287     
  0.131819582952616     
  0.161867653202541     
  0.192835399827518     
  0.222223036298037     
  0.250430587144141     
  0.278070086102260     
  0.305123602152916     
  0.332333880665502     
  0.359443624913575     
  0.373075638160719     
