 -2.881150658197221E-002
 -2.816036576371071E-002
 -2.683527013222552E-002
 -2.544482286150197E-002
 -2.398865799062953E-002
 -2.247570861984548E-002
 -2.092442134559339E-002
 -1.933567335448330E-002
 -1.770953802508644E-002
 -1.603921798250308E-002
 -1.433673399942663E-002
 -1.262610075015726E-002
 -1.090681604507646E-002
 -9.174162581438487E-003
 -7.429931376376452E-003
 -5.691672544950080E-003
 -3.973506882417533E-003
 -2.275979685379990E-003
 -5.684826989808545E-004
  5.684826989808545E-004
  1.768730190836704E-003
  4.255118987074407E-003
  8.027548255093161E-003
  1.307733796745998E-002
  1.940373966418965E-002
  2.708722522755872E-002
  3.624579217095980E-002
  4.702629003709680E-002
  5.969830116981065E-002
  7.465748762506885E-002
  9.268080832092110E-002
  0.115593868879766     
  0.148012776487568     
  0.186241995089149     
  0.226138079907919     
  0.274914773232365     
  0.315608863482853     
  0.328936048000894     
